0.0787788
0.0781782
0.076977
0.075976
0.0743744
0.072973
0.0721722
0.070971
0.06997
0.0685686
0.0671672
0.065966
0.0651652
0.0633634
0.0623624
0.0611612
0.0593594
0.0583584
0.056957
0.0557558
0.0541542
0.0523524
0.0517518
0.0501502
0.0495495
0.0487487
0.0469469
0.0455455
0.0441441
0.0433433
0.0413413
0.0409409
0.0391391
0.0381381
0.0369369
0.0359359
0.0341341
0.0331331
0.0327327
0.0313313
0.0291291
0.0281281
0.0269269
0.0257257
0.0245245
0.0239239
0.0221221
0.0209209
0.0195195
0.0193193
0.0181181
0.0167167
0.0147147
0.0135135
0.0133133
0.0107107
0.0105105
0.00930931
0.00890891
0.00670671
0.00510511
0.0037037
0.0019019
0.000500501
0
-0.0003003
-0.0027027
-0.0033033
-0.0047047
-0.00670671
-0.00670671
-0.00690691
-0.00930931
-0.0113113
-0.0127127
-0.0135135
-0.0145145
-0.0157157
-0.0171171
-0.0179179
-0.0181181
-0.0189189
-0.0207207
-0.0225225
-0.0231231
-0.0249249
-0.0259259
-0.0279279
-0.0295295
-0.0309309
-0.0311311
-0.0331331
-0.0337337
-0.0347347
-0.0365365
-0.0371371
-0.0387387
-0.0409409
-0.0423423
-0.0439439
-0.0437437
-0.0455455
-0.0461461
-0.0483483
-0.0493493
-0.0499499
-0.0507508
-0.0507508
-0.0525526
-0.053954
-0.0555556
-0.0563564
-0.057958
-0.057958
-0.0605606
-0.0621622
-0.0633634
-0.0647648
-0.0651652
-0.066967
-0.0681682
-0.067968
-0.0697698
-0.0713714
-0.0727728
-0.073974
-0.075976
-0.0765766
